$ANSIBLE_VAULT;1.1;AES256
30613036356635616364353463326536316638383162386632326631613331333734623035336264
3565386164376635373366326265343235366466306131620a663634326331333062386635373632
37313664643638666239333561643637613464643037646636333634626635353563653064346637
3561373634653062650a383331366562616233326362363534306362366335306132396165656161
32653436646162613239376133376562363739333537396634353433376630303963616232653431
32653933623065353261356533316262363637653161383061653535636161656366623966643636
65326536336665616634313033666661643739303334343961383136383361646130633566303561
34323236386133643535633266386533643966313766303761366135383732613234343061386664
35633061633730343530366166356563306566313730613461656639343533643636333535313436
33653965666566356335656433616462396239393436306664613136393832303265346330373664
31386339313461363432303032356364623836646662366232316139393530393235353364386630
32356332636135623537313338376635346539613162386433623531623333663339383961313435
63333066383961643066383265373466393937383064356437356464383462393031333465353435
63316130643265323734653539333466613337636533353532636234353134313432643939373661
64373736643836373131653864346561303436656561333162353037616465366138316564383537
34366366323835643339376632323832623865396634303736653830353233623239363636636663
31653163393439336537326237326633356233306433306139313931383264636532346332326136
66343436666130623036383739663964393963306465313838366134626233306335393161656531
38613364643062303566623637383538393032316335636132383633316630613637303538346130
36353436613139623964323639366162663164373834666633663335363138383539656537383935
35353166353037663961663731393530343035666165656536626536336138383833396666623965
64663065303833633339343466356261386163633863653332393865656464333865343434383165
63633561623365616130366438373563373935323761373130656133656563343337623131313336
31633265316235353433303631366431626361633561393936343933353363656435646533396262
61356332306532373362323639393465363531343666663438343266323435386636623564653432
63376434376164643238613264646436326532383761303964323364663139613466656138336566
35383230396164343839336363373266633661306330316232366437393261633730653235636462
38393765336665623137396236306361373765623037633762376365376462313461663731353039
37633734353263643432323664363665306230636330633865303131326130316366303938363436
63303130633637303234356331633232306265313130303435373534313536656536396664323564
32643865353436643135666364373238373638613536623038376138636434653364333032306433
35626537653938393264386338363464386135343739373234326139366639353736303661663139
3063
